weight : [0.71475, 0.16439, 0.30552, 0.78239, 0.55585] , score : 0.8
weight : [0.21181, 0.28749, 0.1347, 0.27368, 0.39376] , score : 0.85
