weight : [0.50977, 0.02955, 0.95023, 0.58639, 0.15762] , score : 0.8
weight : [0.29725, 0.31944, 0.27948, 0.02652, 0.82101] , score : 0.8
weight : [0.65647, 0.24793, 0.95775, 0.6028, 0.23072] , score : 0.8666666666666667
